	99
0	1
01	1
1	15
10	2
100	4
1000	2
1005	1
1039	1
105	1
10700	1
1090	1
1091	1
10911098	1
1093	1
1098	1
10km	3
11	2
11051106	1
11501200	1
11th	2
12	4
12000spectators	1
12km	1
12l30r	1
12month	1
13	3
130	2
1304	1
1315	1
13season	1
14	3
140	2
140s	2
145	1
1480s	1
14km	1
14th	2
15	4
150	1
15000	2
1500th	1
150foot	1
151	1
1539	1
154	1
1540	1
1548	1
1555	1
158	1
15th	1
16	6
1600	1
17	3
176541	1
17971864	1
18	2
18251901	1
1830	1
18301911	1
1834	1
1838	1
1839	1
1840s	1
1849	1
186	1
1860s	1
1862	1
18621928	1
1863	1
18631914	1
1864	1
1865	1
1866	1
1869	1
18691928	1
1870	1
1870s	1
1873	1
1874	2
18741952	1
1876	1
1877	1
1878	1
1883	2
1884	1
1884cc	1
1885	1
1886	1
1887	3
1888	1
1889	3
18891968	1
1890	1
1891	2
1892	2
18921962	1
1893	3
1894	5
18961970	1
1897	1
1898	5
18981957	1
1899	1
18991991	1
19	1
1900	11
19021963	1
1903	2
19031972	1
1904	1
1905	1
1906	1
19081987	1
1910	1
1911	2
19111994	1
19112000	1
1912	1
1913	1
19152005	1
19152009	1
1917	1
1919	2
1920	1
1920s	2
1921	1
1922	3
1923	1
1924	2
19242011	1
1928	2
1929	4
1930	1
19302005	1
19302007	1
1930s	1
1930sharry	1
1931	2
1933	1
1936	2
1937	3
1939	1
1940	2
1940s	1
1943	1
1944	2
1945	2
194547	1
1946	3
19461964	1
1947	5
1948	1
19481973	1
1949	1
1950	5
1951	2
1955	4
1956	1
1957	1
1958	4
1959	5
1960s	1
1961	3
1964	1
1965	3
1966	1
1967	2
1968	1
1969	2
1970	1
1970s	3
1971	4
1972	1
1974	3
1975	1
1975the	1
1976	1
1977	1
1978	2
1979	2
1980	1
1980s	2
1981	3
1982	3
1984	2
1985	2
1986	5
1988	4
1989	1
19891994	1
1990	4
1990s	2
1991	6
1992	1
1993	2
1994	3
1995	4
19951997	1
1996	1
1997	1
1998	6
19982002	1
1999	4
19th	2
1b	2
1latelier	1
1st	1
2	9
20	6
200	1
2000	3
2001	4
2002	3
2003	1
20032006	1
2003s	1
2004	3
2005	3
20052006	1
2006	3
2007	6
2008	1
2009	4
2010	1
2011	1
2012	3
2013	1
20132016	1
2014	2
2015	3
2016	5
2017	1
2018	1
203	1
20th	1
21	5
214	1
22	5
23	1
23786	1
24	1
25	4
257	1
26	3
27	3
28	1
29	1
2valued	2
3	4
30	5
300m	1
30km	1
30minute	1
31	2
327	1
35	1
357	1
36	1
37	1
38	2
3d	1
3km	1
4	3
40	3
4000	1
40th	1
4388	1
44	1
45	1
457	1
45m	1
461b	1
48	1
4cylinder	1
4th	1
5	7
50	3
50000	1
500000	1
52hectare	1
540	4
540s	1
557	1
57	1
60	4
600	1
600000	1
65	2
657	1
695mm	1
6mi	1
6speed	1
7	4
70	1
72	2
7214	1
74	1
75	1
755mm	1
8	2
8000	1
81	1
8km	1
8th	1
9	3
9459	1
99	1
9th	1
z	5
zac	1
zadanmeron	1
zanetti	1
zarchy	1
zawoluk	1
zealand	1
zealands	2
zeke	6
zekley	1
zero	1
zettner	1
zimbabweanborn	1
zions	1
zombies	1
zon	1
zone	1
zuckermandel	1
zumalai	1
zur	1
zuri	1
